image_width: 640
image_height: 480
camera_matrix:
  rows: 3
  cols: 3
  data: [611.63568, 0.0, 317.18045, 0.0, 611.30322, 250.46960, 0.0, 0.0, 1.0]
distortion_model: plumb_bob
distortion_coefficients:
  rows: 1
  cols: 5
  data: [0.0, 0.0, 0.0, 0.0, 0.0]
rectification_matrix:
  rows: 3
  cols: 3
  data: [1.0, 0.0, 0.0, 0.0, 1.0, 0.0, 0.0, 0.0, 1.0]
projection_matrix: 
  rows: 3
  cols: 4
  data: [611.63568, 0.0, 317.18045, 0.0, 0.0, 611.30322, 250.46960, 0.0, 0.0, 0.0, 1.0, 0.0]